Afghanistan 33.833 66.025 7
Argentina -40.843 -68.090 8
Australia -23.274 129.385 9
Bangladesh 23.730 90.306 10
Brazil -10.813 -55.460 11
Chile -53.132 -70.915 12
Congo -0.842 15.230 13
Egypt 26.756 29.860 14
Iraq 33.045 43.775 15
Kazakhstan 44.161 79.766 16
Kenya 0.577 37.839 17
Mali 17.357 -3.527 18
Mongolia 46.836 103.067 19
Namibia -22.150 17.177 20
Nepal 28.259 83.944 21
Nigeria 9.560 8.077 22
Papua_NG -6.889 146.214 23
Peru -3.732 -73.240 24
Russia 50.339 127.553 25
Algeria 25.808 10.021 26
Sudan 16.085 30.087 27
Suriname 4.217 -55.889 28
Bolivia -21.521 -64.738 29
Vietnam 16.940 106.816 30
Zambia 12.407 9.254 31